0 0.514891 0.442024 0.513703 0.470871 0.508906 0.470871 0.506031 0.470871 0.506031 0.4752 0.506031 0.477341 0.503406 0.477718 0.503406 0.471224 0.503172 0.469059 0.492875 0.469059 0.491437 0.469059 0.490484 0.469059 0.490234 0.475553 0.489516 0.4752 0.487844 0.474471 0.488563 0.470871 0.488328 0.469788 0.487844 0.471576 0.487359 0.4752 0.485687 0.474118 0.485687 0.470141 0.485203 0.467976 0.472766 0.467247 0.468453 0.465812 0.466781 0.461129 0.466062 0.456094 0.46725 0.452118 0.471562 0.451388 0.473484 0.451035 0.476594 0.445624 0.480422 0.442376 0.490234 0.441671 0.497422 0.441671 0.507 0.442024 0.512984 0.442024 0.514891 0.442024 0.523516 0.441671 0.522797 0.454635 0.524234 0.464729 0.524953 0.470141 0.525188 0.471224 0.537156 0.470141 0.542422 0.469412 0.543141 0.471953 0.545297 0.472306 0.546266 0.472306 0.547687 0.469788 0.556547 0.470141 0.559187 0.469412 0.560391 0.465812 0.562063 0.462565 0.566375 0.461482 0.570203 0.463647 0.573313 0.466541 0.576187 0.469788 0.578578 0.470494 0.580969 0.463294 0.584562 0.459318 0.587672 0.457529 0.588391 0.438776 0.592938 0.437694 0.593422 0.455365 0.599891 0.455365 0.606109 0.4568 0.609453 0.457882 0.610172 0.457882 0.612812 0.455012 0.616641 0.455365 0.62 0.455365 0.622391 0.457153 0.624062 0.446706 0.622875 0.445976 0.626219 0.436259 0.629328 0.428329 0.633406 0.421482 0.633406 0.419671 0.623578 0.418588 0.61975 0.416424 0.618078 0.414635 0.605875 0.430494 0.600359 0.437341 0.592938 0.437694 0.588391 0.438776 0.583609 0.442024 0.577375 0.442024 0.570922 0.441671 0.560859 0.442024 0.550328 0.441671 0.533094 0.442376 0.523516 0.441671
0 0.320047 0.432729 0.274266 0.439412 0.272781 0.453647 0.265984 0.443859 0.255063 0.442518 0.235266 0.442965 0.225516 0.433176 0.227578 0.430941 0.235562 0.431388 0.235859 0.411812 0.239984 0.402024 0.252688 0.418941 0.263031 0.419835 0.266578 0.428282 0.268344 0.434965 0.272484 0.435835
0 0.924969 0.486447 0.961031 0.487224 0.96075 0.476588 0.964984 0.466353 0.976578 0.462094 0.992422 0.463812 0.995813 0.456565 0.996375 0.432306 0.974312 0.430165 0.979969 0.422941 0.994109 0.424212 0.996094 0.422518 1 0.418259 1 0.497859 0.991844 0.503412 0.979125 0.503412 0.975172 0.501694 0.968672 0.497435 0.911547 0.494047 0.911547 0.494047
0 0.398969 0.462188 0.390109 0.534847 0.523016 0.573388 0.511203 0.628259 0.509234 0.656424 0.525969 0.659388 0.53975 0.663835 0.546641 0.649012 0.558453 0.653459 0.628359 0.649012 0.651984 0.637153 0.651984 0.6416 0.666766 0.646047 0.73075 0.640118 0.754375 0.632706 0.759297 0.683106 0.774078 0.689035 0.787859 0.689035 0.807547 0.687553 0.823297 0.665318 0.82625 0.626776 0.82625 0.613412 0.845938 0.598588 0.994609 0.5808 1 0.577835 0.994609 0.564494 0.797703 0.579318 0.831172 0.5304 0.843969 0.509647 0.988703 0.468118 0.843969 0.487412 0.841016 0.465153 0.830188 0.445882 0.844953 0.275388 0.837078 0.276871 0.820344 0.299106 0.791797 0.462188 0.567312 0.509647 0.534828 0.545224 0.405859 0.518541 0.403891 0.460706
0 0.197766 0.493341 0.195625 0.483694 0.0992187 0.470847 0.0923906 0.463788 0.190516 0.474706 0.193922 0.473412 0.190516 0.463788 0.176 0.463788 0.168328 0.448353 0.176437 0.444494 0.189234 0.445153 0.193078 0.437435 0.212703 0.435506 0.231891 0.44 0.249812 0.450282 0.255359 0.456706 0.252375 0.469553 0.323188 0.474706 0.323188 0.477271 0.246406 0.484329 0.244688 0.484329 0.246828 0.493976 0.249391 0.507459 0.244266 0.510024 0.234031 0.510682 0.23275 0.497835 0.231469 0.490118 0.220375 0.487553
0 0.291625 0.394871 0.303984 0.396894 0.330359 0.397906 0.334031 0.393882 0.338375 0.399906 0.368422 0.3984 0.372766 0.399412 0.372766 0.403435 0.359078 0.405953 0.338031 0.406941 0.340375 0.437129 0.348047 0.440141 0.357734 0.440635 0.364078 0.441129 0.372094 0.4512 0.374094 0.462753 0.357734 0.465271 0.331359 0.464259 0.315328 0.463765 0.312 0.455718 0.318344 0.445153 0.324688 0.444165 0.330687 0.449176 0.334359 0.442141 0.331031 0.407953 0.306656 0.403929 0.288281 0.399412
0 0.0413125 0.489953 0.151438 0.493129 0.0512031 0.509082 0.000375 0.505882 0.00390625 0.446353 0.01025 0.442118 0.024375 0.445294 0.0307187 0.450612 0.0377813 0.462306
0 0.894187 0.469082 0.919297 0.468071 0.920391 0.462776 0.922813 0.459459 0.925906 0.457459 0.930094 0.458471 0.932734 0.460447 0.933609 0.468071 0.933391 0.471741 0.929875 0.475718 0.924359 0.476376 0.9215 0.476047 0.913562 0.475388 0.892859 0.474706
0 0.195484 0.404494 0.186531 0.384259 0.131312 0.377529 0.189516 0.373035 0.199969 0.364047 0.205938 0.382024 0.249203 0.379765 0.199969 0.388753 0.199969 0.415741
0 0.513984 0.413835 0.513984 0.428282 0.498078 0.427059 0.489516 0.426118 0.487469 0.424588 0.477063 0.419365 0.476047 0.411694 0.479719 0.409553 0.473187 0.3776 0.485844 0.3776 0.513984 0.413835 0.52275 0.414141 0.554578 0.415694 0.577078 0.415529 0.577078 0.433294 0.580078 0.433624 0.588156 0.433294 0.589094 0.415882 0.592328 0.414494 0.593938 0.416235 0.616578 0.415529 0.600641 0.436424 0.592547 0.437459 0.592328 0.414494 0.589094 0.415882 0.580531 0.415529 0.580078 0.433624 0.577078 0.433294 0.537797 0.429459 0.523 0.429812 0.522781 0.4152 0.52275 0.414141
0 0.6865 0.473812 0.694219 0.470376 0.705641 0.470376 0.718516 0.469506 0.730516 0.475976 0.748812 0.472094 0.722797 0.463482 0.710219 0.461341 0.703359 0.457882 0.699641 0.449718 0.694781 0.451435 0.691641 0.453576 0.689063 0.448847 0.681344 0.447553 0.676781 0.452282 0.673063 0.452282 0.667063 0.449271 0.663344 0.456588 0.655328 0.460894 0.650469 0.463059 0.651328 0.477694 0.661047 0.477694 0.665625 0.473812 0.673063 0.473812 0.682484 0.474235
0 0.502344 0.492094 0.412891 0.479153 0.421484 0.471365 0.516109 0.484329 0.514391 0.383294 0.523 0.383294 0.528156 0.473953 0.559125 0.481741 0.682984 0.484329 0.631375 0.497271 0.541922 0.502471 0.541922 0.543906 0.505781 0.536141
