0 0.482931 0.565719 0.483822 0.569187 0.488812 0.567734 0.489089 0.566031 0.486653 0.565719
0 0.536535 0.565094 0.531109 0.564688 0.529584 0.566219 0.531228 0.568391 0.536832 0.567906
0 0.58097 0.110109 0.58097 0.096625 0.637941 0.0831406 0.635089 0.096625 0.626535 0.098875 0.618 0.110109 0.612297 0.101125
0 0.366 0.576625 0.374673 0.575703 0.379822 0.574953 0.379347 0.569781 0.375604 0.569781 0.374673 0.571453 0.366931 0.572187 0.364594 0.572562 0.364119 0.574594
0 0.498238 0.565172 0.502396 0.564734 0.509168 0.563422 0.514277 0.565281 0.513881 0.568766 0.506119 0.569859 0.50198 0.570078 0.501842 0.568219 0.496455 0.568 0.497267 0.565391
0 0.427168 0.571969 0.421564 0.573297 0.419604 0.570641 0.415109 0.569312 0.418475 0.568859 0.427723 0.569531 0.432495 0.568203 0.433347 0.571078 0.429683 0.571969
0 0.475683 0.556281 0.462079 0.5555 0.463743 0.559953 0.474356 0.559422 0.479683 0.5555
0 0.337802 0.58 0.352079 0.578016 0.349861 0.573422 0.339743 0.576047 0.33503 0.572984 0.325188 0.5755 0.328099 0.579453
0 0.430455 0.564438 0.427089 0.565156 0.427089 0.563469 0.423109 0.562016 0.423723 0.560312 0.426475 0.560797 0.428931 0.560797 0.436911 0.561047 0.433842 0.562734 0.432911 0.563953
0 0.438832 0.560922 0.447287 0.561125 0.457465 0.558969 0.453743 0.56425 0.444554 0.56425
0 0.494416 0.111578 0.518792 0.108 0.526812 0.106625 0.526119 0.110469 0.530653 0.11075 0.538653 0.107453 0.540059 0.105516 0.533426 0.105797 0.533089 0.104141 0.552594 0.0994687 0.552594 0.0967187 0.529248 0.102219 0.529248 0.0994687 0.551208 0.0947969 0.551545 0.0917813 0.49196 0.103047 0.49301 0.106078 0.512871 0.102219 0.512871 0.104703 0.493703 0.108547
0 0.450059 0.120687 0.468475 0.118609 0.474495 0.117719 0.482376 0.116688 0.487822 0.116094 0.490079 0.116984 0.491208 0.119063 0.489525 0.120094 0.47299 0.122469 0.467921 0.123203 0.467723 0.124391 0.471287 0.125281 0.481069 0.122469 0.489149 0.121422 0.490832 0.1235 0.490079 0.124547 0.478059 0.127797 0.476376 0.131359 0.474673 0.13225 0.465287 0.134922 0.461149 0.131516 0.459465 0.130328 0.455881 0.131359 0.454574 0.131656 0.430337 0.133438 0.429208 0.130328 0.432594 0.128844 0.440475 0.128688 0.447248 0.127062 0.447426 0.126609 0.435228 0.127203 0.428277 0.126766 0.429782 0.124844 0.436356 0.122906
0 0.399109 0.121594 0.420158 0.116844 0.427287 0.114328 0.432 0.113297 0.436693 0.113297 0.439129 0.115359 0.435743 0.116844 0.415465 0.121297 0.414515 0.122781 0.436119 0.118188 0.438376 0.118922 0.438752 0.121734 0.425228 0.124266 0.426931 0.127531 0.423921 0.130641 0.417723 0.131672 0.409644 0.131234 0.407941 0.127828 0.405307 0.129297 0.396673 0.131078 0.378257 0.132562 0.377327 0.131531 0.377505 0.12975 0.384277 0.128562 0.395921 0.127672 0.396851 0.124562 0.379941 0.128109 0.376 0.127672 0.376 0.125594 0.381644 0.123812
