0 0.971469 0.467412 0.893875 0.467412 0.787922 0.494376 0.516328 0.512353 0.332781 0.516847 0.325313 0.546071 0.219359 0.516847 0.217875 0.505624 0.0984844 0.483153 0.0865469 0.451694 0.0865469 0.424729 0.0865469 0.305624 0.0328281 0.292141 0.00448438 0.267412 0.025375 0.267412 0.0626719 0.271906 0.0895312 0.278659 0.141766 0.269671 0.205938 0.370776 0.250703 0.404494 0.317859 0.402259 0.62675 0.393247 0.62675 0.393247 0.704359 0.379765 0.767031 0.417976 0.890891 0.456188 0.969984 0.456188
0 0.538359 0.394165 0.534625 0.385741 0.506656 0.381059 0.50975 0.361388 0.519078 0.361388 0.520328 0.355788 0.529031 0.352965 0.544578 0.276212 0.571313 0.272447 0.595547 0.323953 0.620422 0.328635 0.621656 0.341741 0.74725 0.324894 0.757188 0.339859 0.772109 0.3436 0.778953 0.324894 0.788891 0.338918 0.895203 0.369812 0.916969 0.380118 0.822469 0.390424 0.724234 0.393224 0.7 0.376376 0.614828 0.393224
0 0.00021875 0.569553 0.001625 0.642894 0.013625 0.683294 0.00021875 0.669459 0.00303125 0.776824 0.06275 0.769224 0.0906094 0.765341 0.10175 0.767929 0.138172 0.762118 0.181469 0.751788 0.190031 0.747929 0.195969 0.7492 0.2155 0.746329 0.228531 0.740541 0.236187 0.726706 0.245 0.721529 0.254578 0.7192 0.274109 0.717482 0.276781 0.713435 0.279469 0.714588 0.282531 0.712871 0.247672 0.712871 0.227375 0.702494 0.208984 0.696141 0.174516 0.690941 0.162641 0.680565 0.143109 0.6748 0.110937 0.676518 0.0845156 0.630965 0.07225 0.6148 0.0500313 0.576753 0.0435313 0.565788
0 0.165891 0.546494 0.199375 0.604306 0.219062 0.611718 0.259422 0.620612 0.292906 0.6132 0.346062 0.610235 0.359844 0.610235 0.388406 0.633953 0.396281 0.645835 0.393328 0.666588 0.385453 0.669553 0.390375 0.691788 0.385453 0.705129 0.376594 0.6992 0.376594 0.687341 0.377578 0.682894 0.372641 0.672518 0.349016 0.675482 0.303734 0.679929 0.303734 0.688824 0.292906 0.693271 0.286016 0.682894 0.277141 0.688824 0.279109 0.6992 0.275172 0.709576 0.265328 0.709576 0.263359 0.696235 0.265328 0.684376 0.217094 0.694753 0.179672 0.688824 0.155062 0.676965 0.210203 0.660659 0.194453 0.654729 0.160969 0.641365 0.154078 0.573176 0.148172 0.542047 0.162938 0.540565
0 0.331047 0.566965 0.383078 0.606141 0.441781 0.593082 0.458453 0.584047 0.465125 0.591082 0.495812 0.600094 0.495141 0.614165 0.491812 0.6212 0.491141 0.626235 0.483125 0.632259 0.478469 0.644306 0.471797 0.648329 0.475125 0.634259 0.433109 0.633271 0.397078 0.641294 0.366406 0.612165 0.353063 0.609153 0.331047 0.614165 0.313703 0.567976
0 0.536203 0.582635 0.520937 0.581365 0.456469 0.580071 0.454781 0.571129 0.496625 0.573271 0.497469 0.570706 0.499453 0.563482 0.499172 0.526 0.500016 0.523882 0.505391 0.531976 0.507937 0.553247 0.516984 0.5524 0.517828 0.548988 0.520094 0.5456 0.522062 0.540918 0.527719 0.543882 0.529141 0.547718 0.529141 0.551129 0.533938 0.547718 0.541578 0.543882 0.543281 0.542188 0.532531 0.526871 0.534234 0.524306 0.546391 0.541341 0.548641 0.542612 0.552328 0.540047 0.556 0.543459 0.558266 0.546024 0.572391 0.520471 0.573531 0.528565 0.560516 0.550282 0.561094 0.554965 0.560797 0.557929 0.560516 0.559647 0.560234 0.560494 0.567594 0.569859 0.610281 0.557082 0.610844 0.559224 0.570141 0.576259 0.576922 0.589012 0.575781 0.590729 0.570703 0.583482 0.566453 0.582635 0.565891 0.588588 0.561656 0.589882 0.557984 0.589435 0.558828 0.586047 0.554578 0.586047 0.552609 0.590306 0.548641 0.590306 0.546672 0.587318 0.542703 0.587318 0.541016 0.591153 0.540172 0.594988 0.537625 0.592847 0.539594 0.586047 0.535078 0.583059
0 0.707562 0.740235 0.690656 0.732965 0.659234 0.743882 0.659234 0.751153 0.619375 0.7548 0.610922 0.7548 0.609703 0.734776 0.606078 0.740235 0.604875 0.7184 0.558969 0.714776 0.573469 0.707506 0.60125 0.707506 0.6085 0.702047 0.583125 0.651106 0.575875 0.647459 0.623 0.636541 0.684609 0.676565 0.694281 0.682024 0.755891 0.663835 0.788516 0.658376 0.805422 0.665647 0.824766 0.669294 0.835641 0.671106 0.842875 0.676565 0.842875 0.682024 0.845297 0.692941 0.840469 0.700212 0.829594 0.685671 0.815094 0.682024 0.807844 0.685671 0.806641 0.694753 0.800594 0.700212 0.784891 0.709318 0.775219 0.712941 0.752266 0.740235 0.742609 0.749341 0.730516 0.732965 0.719656 0.734776 0.718438 0.740235
0 0.656266 0.596518 0.643891 0.594682 0.643281 0.589176 0.642062 0.584306 0.622203 0.581859 0.621797 0.578494 0.643281 0.574847 0.6295 0.575459 0.623219 0.573624 0.62625 0.570565 0.629094 0.5608 0.632344 0.561718 0.63375 0.564753 0.637406 0.565365 0.637609 0.571176 0.645516 0.570565 0.654641 0.561106 0.6595 0.558047 0.666391 0.556824 0.670453 0.561718 0.672266 0.565671 0.681797 0.564753 0.680781 0.569035 0.673078 0.569647 0.672672 0.577576 0.670047 0.580024 0.671063 0.584918 0.675109 0.589176 0.676328 0.590094 0.674906 0.592847 0.671672 0.594682 0.665172 0.592541 0.664766 0.587953 0.667203 0.584612 0.665172 0.580941 0.6595 0.585835 0.652203 0.583082 0.649359 0.583082 0.650984 0.588259 0.654844 0.591012
0 0.265625 0.986518 0.798375 0.986518 0.750609 0.8764 0.777469 0.842706 0.790906 0.786518 0.795375 0.761788 0.761062 0.737082 0.708828 0.748306 0.5805 0.831459 0.402922 0.824729 0.301437 0.865176 0.310391 0.937082 0.262641 0.966282
0 0.698453 0.568376 0.693297 0.548424 0.716844 0.540118 0.767219 0.534024 0.770906 0.535129 0.767219 0.554518 0.773484 0.550094 0.770531 0.555624 0.758031 0.561176 0.757297 0.577224 0.764281 0.587765 0.756922 0.5944 0.753625 0.587765 0.749937 0.593294 0.744047 0.594965 0.740016 0.581671 0.737437 0.577788 0.703594 0.581106
