0 0.368829 0.319172 0.466089 0.370625 0.402365 0.625656 0.402365 0.950031 0.559977 0.56525 0.573372 0.395234 0.650492 0.343766 0.761148 0.312453 0.583443 0.287844 0.556604 0.249812 0.523091 0.287844 0.368829 0.312453
0 0.0685714 0.287516 0.094918 0.279984 0.158876 0.278734 0.305644 0.278734 0.354567 0.271203 0.399719 0.213453 0.427963 0.214703 0.43171 0.271203 0.446768 0.285 0.446768 0.287516 0.412904 0.292531 0.367752 0.298813 0.324473 0.303828 0.290609 0.308859 0.269906 0.312625 0.258618 0.317641 0.251077 0.323922 0.228501 0.325172 0.21534 0.323922 0.198407 0.321406 0.177705 0.322672 0.158876 0.322672 0.147588 0.322672 0.128782 0.320156 0.104309 0.317641 0.0930211 0.316391 0.076089 0.312625 0.0629274 0.308859 0.0553864 0.298813
0 0.819977 0.665016 0.601546 0.797312 0.645246 0.837672 0.618361 0.837672 0.601546 0.826453 0.534333 0.833187 0.557869 0.806281 0.557869 0.788344 0.581382 0.781609 0.796464 0.561891 0.823349 0.517047 0.853583 0.512563 0.900632 0.519281 0.93089 0.541703 0.920796 0.584313 0.867026 0.617938 0.867026 0.640359 0.907354 0.676234 0.840141 0.658297
0 0.265527 0.44825 0.329274 0.450781 0.334145 0.446453 0.337916 0.442844 0.337916 0.440688 0.339016 0.437437 0.342248 0.435641 0.328197 0.426266 0.331452 0.424094 0.347119 0.431313 0.354684 0.431313 0.36007 0.433469 0.364403 0.437078 0.373044 0.446453 0.358454 0.442844 0.356838 0.4515 0.443302 0.451859 0.434637 0.471687 0.342248 0.469875 0.3174 0.490078 0.327119 0.492953 0.339016 0.495844 0.342248 0.50125 0.334684 0.505219 0.321171 0.505938 0.294145 0.505938 0.279016 0.505578 0.270375 0.500891 0.280117 0.492234 0.2974 0.491156 0.310375 0.487906 0.315222 0.47025 0.308197 0.468797 0.298478 0.462672
0 0.0877752 0.537813 0.151569 0.607609 0.151569 0.624625 0.0826698 0.667188 0.026534 0.599094 0.0444028 0.597391 0.0877752 0.537813 0.0928806 0.534406 0.00358314 0.6025 0.00103044 0.747203 0.034192 0.743797 0.0903279 0.701234 0.0954333 0.679109 0.00358314 0.6025 0.0928806 0.534406 0.141358 0.502062 0.154122 0.525891 0.151569 0.570156 0.220468 0.578656 0.271499 0.548016 0.299555 0.536109 0.319977 0.593984 0.322529 0.617812 0.238337 0.616109 0.174543 0.6025 0.0928806 0.534406
0 0.000234192 0.372344 0.00100703 0.363703 0.0299532 0.352516 0.0383372 0.358109 0.12445 0.326594 0.139672 0.321 0.177026 0.324047 0.194543 0.328109 0.195293 0.335734 0.13815 0.372859 0.160258 0.374891 0.196838 0.360141 0.212061 0.362687 0.201405 0.373875 0.219696 0.375391 0.250164 0.357609 0.269977 0.365734 0.259321 0.376406 0.389602 0.385062 0.40637 0.393187 0.356089 0.411484 0.306557 0.412 0.2174 0.417594 0.163302 0.418609 0.0855738 0.419625 0.0383372 0.436406 0 0.378953
0 0.823232 0.349859 0.798618 0.335094 0.753372 0.332078 0.735761 0.325375 0.734754 0.322688 0.764918 0.319344 0.758899 0.312297 0.767939 0.307594 0.774988 0.306594 0.772974 0.298875 0.773981 0.294187 0.772459 0.290484 0.727213 0.282438 0.726206 0.279094 0.777494 0.282781 0.78 0.282781 0.779508 0.262313 0.786042 0.265328 0.793068 0.280766 0.79459 0.281438 0.835808 0.274391 0.840328 0.281094 0.797611 0.290484 0.800117 0.299547 0.823232 0.310281 0.843349 0.307938 0.861452 0.321344 0.918759 0.310609 0.93082 0.315984 0.852904 0.332078 0.84637 0.348187 0.838314 0.352875 0.825761 0.352875
0 0.998501 0.402359 0.934005 0.386453 0.934005 0.375688 1 0.361656 0.998501 0.404703
0 1 0.303312 0.972693 0.300937 0.945386 0.285484 0.944192 0.2835 0.997635 0.262516 0.999415 0.263297
0 0.826909 0.355047 0.746393 0.360297 0.744543 0.363078 0.712178 0.367391 0.698759 0.368328 0.683958 0.368328 0.712646 0.372953 0.708923 0.375734 0.641991 0.387766 0.635972 0.38475 0.603279 0.375031 0.614356 0.369328 0.645527 0.376031 0.643513 0.370328 0.619883 0.366312 0.637986 0.353219 0.654567 0.354234 0.66815 0.346844 0.684731 0.348531 0.687237 0.351875 0.708361 0.350547 0.722927 0.349531 0.819953 0.348859
0 0.722787 0.0632656 0.741077 0.0566562 0.863747 0.0647812 0.876721 0.0647812 0.955199 0.0673281 0.939953 0.0739375 0.923958 0.0744375 0.923185 0.0785156 0.914801 0.085625 0.901101 0.0998594 0.892717 0.113078 0.884333 0.123766 0.878993 0.125797 0.875948 0.125797 0.874426 0.121219 0.874426 0.113078 0.872131 0.104953 0.869859 0.102406 0.850796 0.104953 0.84623 0.113594 0.84623 0.117156 0.84623 0.122234 0.841663 0.123766 0.828712 0.125797 0.826417 0.122234 0.826417 0.117156 0.836323 0.114609 0.841663 0.113594 0.842412 0.108 0.843934 0.104438 0.732693 0.108 0.719742 0.118172 0.715176 0.115625 0.720492 0.109016 0.721265 0.106984 0.69459 0.104438 0.716698 0.0988437 0.728876 0.06275
0 0.195808 0.172969 0.375105 0.151922 0.414122 0.149141 0.403349 0.155797 0.32281 0.167422 0.349391 0.17075 0.394215 0.170187 0.409977 0.160219 0.433232 0.153016 0.429906 0.174625 0.424918 0.187922 0.372623 0.201766 0.336112 0.210062 0.307869 0.216719 0.29459 0.212844 0.282974 0.191234 0.269696 0.183484 0.251429 0.177953 0.19829 0.175734
